{"mat": [[0.00018892877385225768, 0.00018892877385225768, 0.0946533156999811, 0.10221046665407141, 0.019081806159078025, 0.05119969771396183, 0.09087474022293594, 0.16077838654827126, 0.1192140563007746, 0.009635367466465141, 0.10409975439259399, 0.1343283582089552, 0.11354619308520686], [0.07692307692307691, 0.07692307692307691, 0.07692307692307691, 0.07692307692307691, 0.07692307692307691, 0.07692307692307691, 0.07692307692307691, 0.07692307692307691, 0.07692307692307691, 0.07692307692307691, 0.07692307692307691, 0.07692307692307691, 0.07692307692307691], [0.000831255195344971, 0.06733167082294265, 0.009143807148794682, 0.000831255195344971, 0.009143807148794682, 0.000831255195344971, 0.000831255195344971, 0.000831255195344971, 0.000831255195344971, 0.8985868661679136, 0.009143807148794682, 0.000831255195344971, 0.000831255195344971], [0.0010277492291880783, 0.4224049331963002, 0.13463514902363824, 0.3093525179856116, 0.0010277492291880783, 0.0010277492291880783, 0.0010277492291880783, 0.0010277492291880783, 0.0010277492291880783, 0.0010277492291880783, 0.021582733812949645, 0.0010277492291880783, 0.1038026721479959], [0.0008382229673093044, 0.4367141659681476, 0.512154233025985, 0.0008382229673093044, 0.0008382229673093044, 0.0008382229673093044, 0.0008382229673093044, 0.0008382229673093044, 0.0008382229673093044, 0.0008382229673093044, 0.042749371332774525, 0.0008382229673093044, 0.0008382229673093044], [0.000750187546886722, 0.20330082520630166, 0.000750187546886722, 0.000750187546886722, 0.000750187546886722, 0.7884471117779447, 0.000750187546886722, 0.000750187546886722, 0.000750187546886722, 0.000750187546886722, 0.000750187546886722, 0.000750187546886722, 0.000750187546886722], [0.0011454753722794963, 0.5509736540664377, 0.0011454753722794963, 0.0011454753722794963, 0.0011454753722794963, 0.0011454753722794963, 0.4364261168384881, 0.0011454753722794963, 0.0011454753722794963, 0.0011454753722794963, 0.0011454753722794963, 0.0011454753722794963, 0.0011454753722794963], [0.0010384215991692631, 0.9460020768431986, 0.0010384215991692631, 0.0010384215991692631, 0.0010384215991692631, 0.0010384215991692631, 0.0010384215991692631, 0.04257528556593978, 0.0010384215991692631, 0.0010384215991692631, 0.0010384215991692631, 0.0010384215991692631, 0.0010384215991692631], [0.0010493179433368313, 0.5886673662119624, 0.0010493179433368313, 0.0010493179433368313, 0.0010493179433368313, 0.0010493179433368313, 0.0010493179433368313, 0.0010493179433368313, 0.3683105981112278, 0.0010493179433368313, 0.0010493179433368313, 0.03252885624344177, 0.0010493179433368313], [0.0011862396204033218, 0.20284697508896804, 0.024911032028469757, 0.01304863582443654, 0.7247924080664295, 0.0011862396204033218, 0.0011862396204033218, 0.0011862396204033218, 0.0011862396204033218, 0.0011862396204033218, 0.024911032028469757, 0.0011862396204033218, 0.0011862396204033218], [0.0012453300124533008, 0.8107098381070986, 0.0012453300124533008, 0.0012453300124533008, 0.0012453300124533008, 0.0012453300124533008, 0.0012453300124533008, 0.0012453300124533008, 0.0012453300124533008, 0.0012453300124533008, 0.17559153175591538, 0.0012453300124533008, 0.0012453300124533008], [0.0009587727708533079, 0.691275167785235, 0.0009587727708533079, 0.0009587727708533079, 0.0009587727708533079, 0.0009587727708533079, 0.0009587727708533079, 0.0009587727708533079, 0.0009587727708533079, 0.0009587727708533079, 0.0009587727708533079, 0.2981783317353788, 0.0009587727708533079], [0.0007733952049497295, 0.39520494972931175, 0.0394431554524362, 0.08584686774941996, 0.0007733952049497295, 0.0007733952049497295, 0.0007733952049497295, 0.0007733952049497295, 0.0007733952049497295, 0.0007733952049497295, 0.0007733952049497295, 0.0007733952049497295, 0.4725444702242847]], "symbols": ["SIL", "SIL", "bba", "aut", "bbc", "ngs", "ngn", "ala", "nfo", "bbb", "baw", "alc", "aob"]}